Elevations:
0, 32, 45
2, 5, 19
7, 6, 25

Path:
(0, 0)
(0, 1)
(1, 1)
(1, 2)
(2, 2)

Ponies:
0, a, [30, (0, 0)]
1, s, [15, (0, 0)]
2, s, [20, (0, 0)]

>>> result1 = read_ponies("file_sample1.txt")
>>> result2 = read_ponies("file_sample2.txt")
>>> result1
([[0, 32, 45], [2, 5, 19], [7, 6, 25]], [(0, 0), (0, 1), (1, 1), (1, 2), (2, 2)], [(0, 'a', [30, (0, 0)]), (1, 's', [15, (0, 0)]), (2, 's', [20, (0, 0)])])
>>> result2
([[0, 32, 45], [2, 5, 19], [7, 6, 25]], [(0, 0), (0, 1), (1, 1), (1, 2), (2, 2)], [(0, 'a', [30, (0, 0)]), (1, 's', [15, (0, 0)]), (2, 's', [20, (0, 0)])])

#sample output

Elevations:
0, 32, 45
2, 5, 19
7, 6, 25

Path:
(0, 0)
(0, 1)
(1, 1)
(1, 2)
(2, 2)

Ponies:
0, a, [30, (0, 0)]
1, s, [15, (0, 0)]
2, s, [20, (0, 0)]

# file 1

Elevations:
0,32,45
2,5,19
7,6,25    

Path:
(0,0)
(0,1)
(1,1)
(1,2)
(2,2)

Ponies:
0,a,[30,(0,0)]      
1,s,[15,(0,0)]
2,s,[20,(0,0)]

#file_example2.txt