>>> result1 = teamwork_climb([[0, 2, 5], [0, 0, 10]], [(0, 0), (0, 1), (0, 2), (1, 2)], [(0, 's', [2, (0, 0)]), (1, 's', [6, (0, 0)]), (2, 'a', [14, (0, 0)])])
>>> result1
{0: [(0, 's', [2, (0, 0)]), (1, 's', [6, (0, 0)]), (2, 'a', [14, (0, 0)])], 1: [(0, 's', [0, (0, 1)]), (1, 's', [6, (0, 0)]), (2, 'a', [14, (0, 0)])], 2: [(0, 's', [0, (0, 1)]), (1, 's', [4, (0, 1)]), (2, 'a', [14, (0, 0)])], 3: [(0, 's', [0, (0, 1)]), (1, 's', [1, (0, 2)]), (2, 'a', [12, (0, 1)])], 4: [(0, 's', [3, (0, 1)]), (1, 's', [1, (0, 2)]), (2, 'a', [6, (0, 2)])], 5: [(0, 's', [5, (0, 2)]), (1, 's', [1, (0, 2)]), (2, 'a', [1, (0, 2)])], 6: [(0, 's', [0, (1, 2)]), (1, 's', [1, (0, 2)]), (2, 'a', [1, (0, 2)])]}
>>> result2 = teamwork_climb([[0, 0], [10, 0]], [(0, 0), (1, 0), (1, 1)], [(0, 's', [0, (0, 0)]), (1, 'a', [10, (0, 0)])])
>>> result2
{0: [(0, 's', [0, (0, 0)]), (1, 'a', [10, (0, 0)])], 1: [(0, 's', [0, (0, 0)]), (1, 'a', [10, (0, 0)])], 2: [(0, 's', [10, (0, 0)]), (1, 'a', [0, (0, 0)])], 3: [(0, 's', [0, (1, 0)]), (1, 'a', [0, (0, 0)])], 4: [(0, 's', [10, (1, 1)]), (1, 'a', [0, (0, 0)])]}
>>> result3 = teamwork_climb([[0], [15]], [(0, 0), (1, 0)], [(0, 's', [0, (0, 0)]), (1, 'a', [10, (0, 0)])])
>>> result3
{0: [(0, 's', [0, (0, 0)]), (1, 'a', [10, (0, 0)])], 1: [(0, 's', [0, (0, 0)]), (1, 'a', [10, (0, 0)])], 2: [(0, 's', [0, (0, 0)]), (1, 'a', [10, (0, 0)])]}
>>> result4 = teamwork_climb([[0, 0], [10, 20]], [(0, 0), (1, 0), (1, 1)], [(0, 's', [10, (0, 0)]), (1, 'a', [30, (0, 0)])])
>>> result4
{0: [(0, 's', [10, (0, 0)]), (1, 'a', [30, (0, 0)])], 1: [(0, 's', [0, (1, 0)]), (1, 'a', [30, (0, 0)])], 2: [(0, 's', [0, (1, 0)]), (1, 'a', [20, (1, 0)])], 3: [(0, 's', [10, (1, 0)]), (1, 'a', [0, (1, 1)])], 4: [(0, 's', [0, (1, 1)]), (1, 'a', [0, (1, 1)])]}