[[0, 0], [10, 0]],
[(0, 0), (1, 0), (1, 1)],
[(0, 's', [0, (0, 0)]), (1, 'a', [10, (0, 0)])]

{0: [(0, 's', [0, (0, 0)]), (1, 'a', [10, (0, 0)])], 
1: [(0, 's', [0, (0, 0)]), (1, 'a', [10, (0, 0)])], 
2: [(0, 's', [10, (0, 0)]), (1, 'a', [0, (0, 0)])], 
3: [(0, 's', [0, (1, 0)]), (1, 'a', [0, (0, 0)])], 
4: [(0, 's', [10, (1, 1)]), (1, 'a', [0, (0, 0)])]}

elevations = [[0, 0], [10, 0]]
path = [(0, 0), (1, 0), (1, 1)]
ponies = [(0, 's', [0, (0, 0)]), (1, 'a', [10, (0, 0)])]

print(teamwork_climb(path, elevations, ponies) == {0: [(0, 's', [0, (0, 0)]), (1, 'a', [10, (0, 0)])],
                                                   1: [(0, 's', [0, (0, 0)]), (1, 'a', [10, (0, 0)])],
                                                   2: [(0, 's', [10, (0, 0)]), (1, 'a', [0, (0, 0)])],
                                                   3: [(0, 's', [0, (1, 0)]), (1, 'a', [0, (0, 0)])],
                                                   4: [(0, 's', [10, (1, 1)]), (1, 'a', [0, (0, 0)])]})