[[0, 2, 5], [0, 0, 10]], 
[(0, 0), (0, 1), (0, 2), (1, 2)], 
[(0, 's', [2, (0, 0)]), (1, 's', [6, (0, 0)]), (2, 'a', [14, (0, 0)])]

{0: [(0, 's', [2, (0, 0)]), (1, 's', [6, (0, 0)]), (2, 'a', [14, (0, 0)])], 
1: [(0, 's', [0, (0, 1)]), (1, 's', [6, (0, 0)]), (2, 'a', [14, (0, 0)])], 
2: [(0, 's', [0, (0, 1)]), (1, 's', [4, (0, 1)]), (2, 'a', [14, (0, 0)])], 
3: [(0, 's', [0, (0, 1)]), (1, 's', [1, (0, 2)]), (2, 'a', [12, (0, 1)])], 
4: [(0, 's', [3, (0, 1)]), (1, 's', [1, (0, 2)]), (2, 'a', [6, (0, 2)])], 
5: [(0, 's', [5, (0, 2)]), (1, 's', [1, (0, 2)]), (2, 'a', [1, (0, 2)])], 
6: [(0, 's', [0, (1, 2)]), (1, 's', [1, (0, 2)]), (2, 'a', [1, (0, 2)])]}

elevations = [[0, 2, 5], [0, 0, 10]]
path = [(0, 0), (0, 1), (0, 2), (1, 2)]
ponies = [(0, 's', [2, (0, 0)]), (1, 's', [6, (0, 0)]), (2, 'a', [14, (0, 0)])]

print(teamwork_climb(path, elevations, ponies) == {0: [(0, 's', [2, (0, 0)]), (1, 's', [6, (0, 0)]), (2, 'a', [14, (0, 0)])],
                                                   1: [(0, 's', [0, (0, 1)]), (1, 's', [6, (0, 0)]), (2, 'a', [14, (0, 0)])],
                                                   2: [(0, 's', [0, (0, 1)]), (1, 's', [4, (0, 1)]), (2, 'a', [14, (0, 0)])],
                                                   3: [(0, 's', [0, (0, 1)]), (1, 's', [1, (0, 2)]), (2, 'a', [12, (0, 1)])],
                                                   4: [(0, 's', [3, (0, 1)]), (1, 's', [1, (0, 2)]), (2, 'a', [6, (0, 2)])],
                                                   5: [(0, 's', [5, (0, 2)]), (1, 's', [1, (0, 2)]), (2, 'a', [1, (0, 2)])],
                                                   6: [(0, 's', [0, (1, 2)]), (1, 's', [1, (0, 2)]), (2, 'a', [1, (0, 2)])]})
